80.71
78.68
69.66
61.05
65.18
81.46
65.03
81.68
66.92
87.21
86.49
61.51
53.40
86.06
61.38
77.90
69.85
76.61
63.46
74.09
71.50
76.54
79.42
68.99
77.79
69.99
99.99
73.49
73.41
95.92
66.10
61.75
81.62
77.86
66.84
68.49
61.83
63.19
67.94
94.64
64.08
64.65
94.44
86.05
86.17
65.13
57.90
77.14
72.81
84.45
70.34
79.82
75.51
74.87
89.34
81.26
94.62
81.07
76.99
75.96
70.79
65.25
78.71
83.34
85.05
58.89
71.12
89.87
74.56
87.63
45.08
74.25
81.02
59.56
89.40
80.07
79.57
79.79
66.30
71.03
77.80
75.82
86.06
68.99
79.40
80.14
73.90
83.56
81.54
84.54
71.37
86.10
66.47
70.67
59.08
76.86
59.13
55.89
75.53
77.05